true,predicted_1,predicted_2,predicted_3,predicted_4,predicted_5
3,0.13846475602220915,0.08112067581182877,0.5465031057767974,0.08852483692984467,0.1453866254593201
3,0.053398458683613335,0.14028791866130616,0.508364268813206,0.1183168012797853,0.1796325525620892
3,0.22510053455119006,0.09468150654166833,0.34942050573264216,0.22688220045200322,0.10391525272249623
5,0.20582186176187622,0.20312472875038046,0.10914555741557419,0.1110523243290866,0.37085552774308245
3,0.24865267011337253,0.1639718160567793,0.29277810997727866,0.08857447663843966,0.20602292721412982
4,0.0410447267403352,0.2097415679327609,0.12462029369231986,0.5251424259933316,0.0994509856412524
4,0.11933828540634131,0.1435303235658172,0.13375178064741844,0.5255294711355746,0.07785013924484842
3,0.2717753014114709,0.1370300184423729,0.38883601738168955,0.10864721134205334,0.0937114514224131
3,0.1281015360009435,0.12175050610900137,0.29039724338491146,0.19095209197456822,0.26879862253057535
2,0.18415535992342388,0.5249310567539971,0.1508863781799336,0.09212582457977045,0.04790138056287498
3,0.19505873286470551,0.13534615588802537,0.390059276033077,0.16314336219838788,0.11639247301580435
4,0.1281572182549418,0.12211354199418673,0.08787648556384045,0.5545772825325137,0.10727547165451731
4,0.07163038509297114,0.21213426504162722,0.08272874171009002,0.4615595016011341,0.17194710655417758
2,0.2651513282353658,0.2152291649225232,0.1997154706821952,0.08069516588983004,0.2392088702700857
3,0.28337419564841687,0.19071563824269597,0.2846846258240246,0.10367789579802496,0.13754764448683776
4,0.09801642668459261,0.13719181728012936,0.19685062924014435,0.530326095513609,0.03761503128152477
2,0.3096785950977614,0.38488279262163355,0.1854111039651,0.06358668614443812,0.056440822171066836
5,0.12120293545987676,0.15866761326811815,0.15496185200878773,0.1800686530650977,0.38509894619811963
3,0.17101028180884367,0.17865627993514818,0.2549513543465728,0.21873995895482856,0.17664212495460685
2,0.17768301032887546,0.5651008789097887,0.1165709399609379,0.07104598306232496,0.06959918773807301
1,0.4343747061300487,0.13583529523303972,0.08529969241306135,0.11619557169091727,0.228294734532933
3,0.13807360960480072,0.2004405340775882,0.3822404163975255,0.16545682657271796,0.11378861334736756
5,0.07564440435423182,0.1393745360860405,0.25046584050007814,0.16703870059381312,0.36747651846583634
3,0.08413588775893391,0.1175135172560588,0.3990675336482372,0.31341214991579547,0.0858709114209745
2,0.11293832666937699,0.35392321891881484,0.40137630085226156,0.06107409637412006,0.07068805718542646
3,0.1362062260211767,0.10225703502902299,0.32161540277144945,0.2051920103935153,0.2347293257848355
3,0.2163434934720712,0.147832135886124,0.28613346178939836,0.2078894811400212,0.1418014277123852
3,0.3191181760366579,0.1180932797063193,0.2159199646421617,0.14812790760377822,0.1987406720110829
2,0.128702593678528,0.5514274741691284,0.0896468926055917,0.13014957217059278,0.10007346737615906
3,0.3163825443812434,0.22655099728104083,0.18116085929180378,0.14255532210590133,0.13335027694001067
2,0.12181409884674536,0.5200781262968738,0.07997574190552838,0.14415925565241564,0.13397277729843682
4,0.06813536423649263,0.08476677140510033,0.22536710140107347,0.39799004004577676,0.22374072291155667
3,0.24674465258274997,0.07141463883776197,0.30972781956763024,0.1724622034146244,0.19965068559723345
4,0.13786080931732525,0.14902870882936198,0.1367210093152511,0.48056499581023066,0.09582447672783112
4,0.14879648444430965,0.09697354396422296,0.11954212090902057,0.5815713905682877,0.053116460114159124
1,0.2427080312120001,0.3130176559629585,0.22363288332326708,0.09610670833094571,0.12453472117082866
3,0.2370640257117209,0.2888722962644743,0.2197140336217849,0.08473644029657268,0.1696132041054472
3,0.13994860996220554,0.10814342369422568,0.4998233282656238,0.1267454597141181,0.1253391783638269
2,0.0638806139658046,0.32641107910262557,0.3960721664733128,0.11247282213966675,0.10116331831859016
4,0.13010841196410328,0.14362843059067174,0.13297450018182305,0.30501673402014895,0.28827192324325296
2,0.18756324565902033,0.3397382652232804,0.061357834156666964,0.11879873441649247,0.29254192054453976
3,0.2565206859760739,0.17217587243525598,0.33973917274950444,0.04529346661702606,0.1862708022221395
2,0.11491536675576439,0.2588694141791795,0.09474875172279555,0.21871619291909844,0.3127502744231621
2,0.0905649403113681,0.3570826046863422,0.1513481015273494,0.24081988369518484,0.16018446977975545
3,0.11928447738679851,0.1384098970285431,0.37306107133615374,0.171741466700364,0.1975030875481406
3,0.05747820587302017,0.1047219853351042,0.4320651359926685,0.09030046640438488,0.3154342063948223
2,0.16855803020219357,0.3487504123428436,0.12061351393704285,0.2443155585300852,0.1177624849878348
3,0.21201814581719736,0.17517970188603965,0.4496341492541884,0.11641759243403381,0.046750410608540696
2,0.15321838823688735,0.4027174292842763,0.09601970242130933,0.08207224249394965,0.26597223756357735
2,0.07536668731281514,0.3152303688990149,0.043844386313376456,0.27270398908177584,0.2928545683930177
2,0.1402611382232644,0.6063603363237723,0.06915584740499701,0.10185964687299713,0.08236303117496928
3,0.06892809880132321,0.20675607208120564,0.3703685227574623,0.1606812298691234,0.19326607649088554
2,0.4614236713733892,0.2149183565490828,0.12479077956197972,0.12365671547950134,0.07521047703604714
2,0.1355155983976034,0.2899173384040033,0.13510224972838183,0.34200741504612536,0.09745739842388618
3,0.23775550204336976,0.09758914380267705,0.3138069490064001,0.13803372970591413,0.212814675441639
4,0.042438997585865945,0.18433897994326442,0.16941446487501638,0.5012662516492122,0.10254130594664101
2,0.16035595679653664,0.39613459621515196,0.1546508992993812,0.2226026758478456,0.06625587184108457
4,0.046611131852724315,0.11097081383806275,0.14580202628148756,0.5935004848131693,0.10311554321455596
3,0.23848645669771923,0.24158199434066233,0.2968519208352784,0.06894232350802564,0.1541373046183143
5,0.13722319361273475,0.16533733082339763,0.06981509335356788,0.2161490116286653,0.4114753705816345
2,0.09218105479642996,0.42929370993527516,0.14629431116115324,0.15043741285353468,0.18179351125360704
3,0.1987405579228434,0.10888743395918006,0.29438099073896407,0.18374350969107506,0.21424750768793743
3,0.049755375596109354,0.15609941176059694,0.6133053617097695,0.08713541783095131,0.0937044331025729
3,0.1904469264492861,0.22437985155921295,0.48700876686233,0.052261334739619046,0.04590312038955182
3,0.13865917595104188,0.07628300951637489,0.3880624426967322,0.20468933962318217,0.1923060322126689
4,0.3989532865918781,0.07025942429349064,0.10392920300918061,0.1960340372889926,0.23082404881645804
2,0.12089221948111413,0.3638188620666852,0.17632463939400764,0.05963067469315916,0.27933360436503385
5,0.1813157579216284,0.21971030386484508,0.12461261528300764,0.0855025602518451,0.3888587626786739
4,0.08022510194171532,0.11413448635261346,0.07042126946659487,0.6472259184943626,0.08799322374471394
3,0.20097067789446682,0.12295036857143492,0.355800213077604,0.12641737416517504,0.1938613662913192
2,0.2306525288368555,0.4363750679379088,0.15301185968268008,0.12292223308611848,0.057038310456437195
4,0.2703932238315825,0.20544129864641206,0.13768886177741682,0.2731875390907268,0.1132890766538618
3,0.2064594389831757,0.17849852984127823,0.29420018999784897,0.15928889482861475,0.16155294634908243
3,0.2062763933922667,0.08042081624772283,0.39898210349743707,0.15728485447079585,0.15703583239177768
3,0.1237555986436298,0.2591058948577413,0.33907294357590967,0.06730397573448706,0.2107615871882322
4,0.046501835403295444,0.10898264070845227,0.32714838952205155,0.25129671434715495,0.2660704200190458
2,0.13188098843287246,0.5606755018555484,0.07660282772989854,0.16459607678704505,0.06624460519463556
1,0.5530911476528725,0.07713234286984581,0.1856520336756337,0.08925612034276625,0.09486835545888182
5,0.1225198026840299,0.1331844465097888,0.2886730152842484,0.10501965924059274,0.3506030762813402
4,0.23112958803955466,0.11482595648709291,0.11113821825695891,0.4000113347733431,0.14289490244305042
2,0.1304250082437751,0.45596757242369806,0.0632861215074606,0.11459085464933247,0.23573044317573386
2,0.38858454385175384,0.2554948535569857,0.09271575795849447,0.10419906007325191,0.15900578455951403
5,0.07870054953671499,0.04697475039794764,0.09457822312024904,0.08196396607821371,0.6977825108668746
5,0.08314609342560932,0.22789176681031148,0.05843248238339336,0.24938457910789075,0.3811450782727951
4,0.17080442856190614,0.15885395668148783,0.04982955798999033,0.40262597730744143,0.21788607945917432
3,0.2057846224906706,0.1434518043157537,0.36728929137941935,0.16167503061503133,0.12179925119912494
3,0.16090130854150855,0.15376874192945816,0.4153510841861305,0.16782195387713206,0.10215691146577072
5,0.16414486706256737,0.12080351467994226,0.30761511987204687,0.06040502007315923,0.3470314783122843
3,0.300342106206455,0.1296528308598357,0.43864500127072226,0.07196212993415094,0.05939793172883592
1,0.5427252781461495,0.06379548923953225,0.19348555067771062,0.11737488002670793,0.08261880190989979
3,0.12612030588716808,0.19131899695534302,0.23610183656584016,0.35702735196309293,0.08943150862855583
2,0.17855001680458832,0.3708100146315419,0.0844383959268709,0.1339795252195429,0.23222204741745606
3,0.10591878708727841,0.0909948218638488,0.3192776036320131,0.3387787142159131,0.14503007320094669
2,0.3202903931590122,0.2696315110768104,0.18858214523524083,0.06989699169738336,0.15159895883155333
3,0.2075373133407627,0.19804610193045316,0.22201764973291285,0.2557900622844026,0.11660887271146869
3,0.12294472464585116,0.22875635113658946,0.4219850564220425,0.03890224601958252,0.1874116217759344
2,0.2142581553761172,0.3245562942704458,0.13471247418717827,0.15601604084003076,0.17045703532622788
3,0.16676619727048117,0.1179219047320249,0.24735256168907926,0.2921974041182503,0.17576193219016428
5,0.2610365841995104,0.06814154329357831,0.0902722940935793,0.11407957888765222,0.4664699995256798
4,0.19638984129906306,0.29858216138875954,0.09817242801252607,0.28762605448740663,0.11922951481224459
3,0.10295402849909778,0.18480137518449924,0.4938623322226861,0.13028920220950196,0.08809306188421485
2,0.08219638394652191,0.5901752531942452,0.14231737209129935,0.08398413433790333,0.10132685643003032
3,0.02943691543295199,0.10702025226660633,0.3599001652111857,0.0900300336311299,0.4136126334581261
3,0.08409481200015206,0.21313174909240298,0.3780640736306717,0.10049990540799811,0.22420945986877525
4,0.35814127458246975,0.1439315970659231,0.13428029708162498,0.2661580868424019,0.09748874442758028
4,0.32473926536579867,0.07624724477107694,0.07763315469917392,0.48210156151194483,0.03927877365200565
3,0.07546315069430319,0.2674577784759703,0.518132592206559,0.04867489925823107,0.09027157936493635
3,0.1196693018737506,0.11464003559923275,0.33537148160766456,0.18992979488318656,0.2403893860361657
1,0.30955060417983665,0.3012417508042331,0.21371321434248391,0.052564610155021355,0.12292982051842505
4,0.044654902434345514,0.215115220622746,0.12473951172223585,0.5367539330087088,0.07873643221196383
2,0.12504970845595617,0.41790988472319657,0.19239003874177726,0.1432924866732512,0.12135788140581875
4,0.1436737705029097,0.18561605813830295,0.06414429108410515,0.5140949389637907,0.0924709413108916
3,0.08912424968645852,0.03984477895564477,0.2538330500876932,0.40414389366958287,0.21305402760062062
4,0.27223287878995434,0.10957540703812553,0.13906317729536236,0.3139568495844192,0.16517168729213852
2,0.20964298835815334,0.4576284776260118,0.07261460574934107,0.1254626553289731,0.1346512729375207
3,0.10620399141691654,0.09992810603762282,0.5650019352946941,0.10402129642874498,0.1248446708220216
2,0.10311613326636328,0.5643557588318808,0.06907882643537093,0.12942152251088035,0.1340277589555045
3,0.0808489623414707,0.3276387321884718,0.22223609284713758,0.21595025531886283,0.15332595730405715
2,0.18936177370601537,0.41167354953302543,0.12624762223266292,0.09531890920178752,0.17739814532650883
2,0.10662561380980479,0.24609695181689292,0.13509904813950172,0.243635438003224,0.2685429482305766
5,0.16454760121794654,0.2603646626721171,0.12725886332972128,0.08780063746973242,0.3600282353104828
2,0.07213786166155826,0.19608876823925137,0.23569407300288042,0.17340495669558517,0.3226743404007248
3,0.08323398200988923,0.10787516305988966,0.6179059121420588,0.09396356914789314,0.09702137364026917
3,0.15655278887937346,0.15640026941054813,0.26940513379851777,0.15241254945874527,0.26522925845281536
3,0.19504856000025075,0.10318083004740695,0.2808484843125239,0.11958634511701142,0.30133578052280696
3,0.14120011874411525,0.1175100288791204,0.42955734086068204,0.19881054004034926,0.11292197147573312
4,0.06212308850027656,0.12546101027718876,0.04576832653482622,0.6415032959151369,0.1251442787725715
3,0.24360543273780783,0.2025896968845802,0.31040101476415294,0.1371311071670949,0.10627274844636424
4,0.15041433497492182,0.1631003654800467,0.14852138445085117,0.46082485067935564,0.07713906441482467
4,0.0848867507673425,0.06612605189228205,0.21298112724511295,0.3018948132606894,0.33411125683457316
5,0.13009883950448425,0.09493455931362733,0.0659906296072683,0.03961821061298914,0.669357760961631
3,0.09106744977590206,0.08111365593484808,0.6098634513685419,0.08185695759478545,0.13609848532592242
5,0.12278689277703331,0.09345367891678036,0.10352400486134378,0.06903440242079702,0.6112010210240455
5,0.11708037013372743,0.08880038081720751,0.13016162863287944,0.09245835569764786,0.5714992647185377
3,0.15015470400740918,0.3021521687491078,0.38303956449999826,0.08886822952537442,0.07578533321811026
4,0.19588466137337077,0.2824551833608223,0.05270006538490989,0.25656623679686147,0.21239385308403555
2,0.2129883802507704,0.4223517053130769,0.21501814310782597,0.0486474196647606,0.10099435166356602
2,0.05618527781072683,0.5162230006914863,0.0776973389484334,0.21400160474183305,0.1358927778075205
3,0.07408758843965393,0.2235167433250247,0.2283338962109556,0.16092508915420525,0.31313668287016055
4,0.12036174173080985,0.1568565106505621,0.09539525114799999,0.48006701768484833,0.14731947878577967
3,0.059055324960423795,0.05086104666977983,0.45064578912343595,0.3273649833889664,0.11207285585739409
4,0.04447056187363756,0.10539310399956987,0.054876289557369874,0.7099504103476155,0.08530963422180726
2,0.20542099446536868,0.5674395657200961,0.06128142757941512,0.07911519986499942,0.08674281237012077
5,0.2132021676218239,0.2433465686491722,0.09723202720156028,0.0649100946315287,0.38130914189591497
5,0.29741494206119873,0.2218472791397134,0.18208763592977917,0.0841998362816017,0.21445030658770695
4,0.22793370693117423,0.11781430720682004,0.16780620509620117,0.25681377612977185,0.2296320046360327
3,0.15785130087920946,0.1624479429640781,0.3829403925248474,0.23917931922604233,0.05758104440582273
2,0.07951702402485733,0.346413937125333,0.2760728218423912,0.21704395889852626,0.08095225810889217
2,0.09198047819951599,0.45443640032234844,0.12883345763707552,0.2456412159070799,0.07910844793398024
3,0.20522826979901126,0.14021814536962693,0.3536110746965066,0.19418009656351454,0.10676241357134074
3,0.15827192193540304,0.18865645210057377,0.4621326850422704,0.08504755936863646,0.10589138155311636
2,0.39918940472217423,0.2690261995125609,0.08189225390686415,0.10403702276568633,0.14585511909271445
3,0.15641662444336518,0.08618906967433146,0.39518485446695817,0.10778767789324188,0.2544217735221032
3,0.08253444558909952,0.1841193781337294,0.23362835637105508,0.21216234487301922,0.28755547503309675
3,0.23292758882995146,0.18987472685240983,0.3089794124844155,0.17070658593400118,0.09751168589922195
3,0.3438974635722035,0.12925748316017763,0.4046518357800369,0.041998935742112865,0.08019428174546912
1,0.3530381232920672,0.22620052676350058,0.11439469573419081,0.18910408144287003,0.11726257276737143
2,0.10285931675183407,0.4025777831573079,0.19440342793224882,0.1253406641095315,0.17481880804907773
3,0.20210308906059476,0.15140186459034666,0.3261947257494165,0.16373711589936285,0.15656320470027923
1,0.6986367261891738,0.04786519579406325,0.0662578533392837,0.13201832421402898,0.055221900463450414
2,0.30106925611583024,0.14212662309694524,0.2696872584132168,0.17973287166568766,0.10738399070832007
4,0.1225757199933811,0.1652738403890324,0.14637965514722423,0.40165818354568444,0.164112600924678
4,0.14299953265318155,0.14512513304504496,0.10850387430093444,0.48026429011696,0.12310716988387896
3,0.06289526145054367,0.17427852530908414,0.388900775262022,0.24910036538320895,0.12482507259514126
4,0.0753490957801673,0.11745331589079237,0.0758711625823478,0.4070947008184524,0.3242317249282402
3,0.20142790258070106,0.12771350101545711,0.35667239194431394,0.1876227264391686,0.12656347802035925
5,0.22102860412304395,0.17262852548076793,0.22959931585206442,0.11653621547114822,0.26020733907297533
4,0.1706356528693151,0.12075730552646011,0.12226230965151477,0.5101814202391463,0.07616331171356376
3,0.05025998907694127,0.17026777156419884,0.38071253267491206,0.22608785553802122,0.17267185114592667
3,0.18502986173057429,0.1322514617871949,0.4639958040949308,0.06505641239476528,0.15366645999253475
3,0.32886058286243136,0.11168764918655949,0.24470706818922683,0.2133708810623069,0.10137381869947534
4,0.1750296516124508,0.16739082314366024,0.3156343276021925,0.24243183805879978,0.09951335958289666
4,0.15622138401957253,0.10318049620971068,0.13264066492260448,0.3760786873778393,0.231878767470273
4,0.08573941759420056,0.09855196020453304,0.07725018264859852,0.6473138863106427,0.0911445532420251
3,0.16947955889634922,0.10435010063301288,0.4844043924322249,0.0789221276730204,0.16284382036539274
3,0.14245684454499447,0.15963533091207882,0.3526022199103919,0.1359025496518881,0.20940305498064665
2,0.1297944328379813,0.38486947121386994,0.2158197872036931,0.16275605951651373,0.10676024922794197
2,0.16524145331227863,0.3383988989668595,0.2255643632363454,0.13587081394712885,0.1349244705373875
2,0.13509831872500544,0.3995942377705526,0.11111609741578685,0.2532335551995239,0.10095779088913129
5,0.19080981993363208,0.20203284076991337,0.06468777201926386,0.08447323588751107,0.45799633138967955
4,0.12195589196262978,0.17643076995867993,0.23854208388232798,0.3745150667578575,0.08855618743850481
3,0.1597915425090855,0.19245600979970637,0.45979943615166713,0.10882513932585655,0.07912787221368432
3,0.06716827239086683,0.050796178868225406,0.78229575544549,0.04664889773102002,0.05309089556439769
2,0.10572436875487388,0.43631853478315447,0.06464731383026674,0.24749738068617716,0.1458124019455276
3,0.1752135087993847,0.11981998992146585,0.28163941412646726,0.2976352617097757,0.12569182544290644
3,0.19643823543995442,0.24486007354863504,0.19085945067851653,0.22929705987674762,0.1385451804561463
3,0.1515404988850525,0.1045731760046438,0.4602422860917819,0.1832696449937237,0.10037439402479814
2,0.13139883484602471,0.48455668949264835,0.13288193765861303,0.1724801207438032,0.07868241725891074
4,0.05918235997285621,0.08753558680363664,0.35553427571769064,0.4350438146299329,0.06270396287588362
3,0.12682564238227842,0.07959465965774377,0.4934215906782756,0.2346209151550737,0.06553719212662851
1,0.24671894966012017,0.2567520690738654,0.13856033649267566,0.23286964853752895,0.1250989962358098
4,0.0402172355055279,0.14139400783152764,0.17904465972231945,0.5377275117281752,0.10161658521244983
3,0.12374486279527573,0.20128779810226038,0.3901065370589475,0.1779668516186011,0.10689395042491533
1,0.16897829713250995,0.12130426369149461,0.26376178426164304,0.16412378311291673,0.28183187180143565
5,0.24996561951277135,0.11853020299230889,0.11682134699438929,0.14186532332278118,0.37281750717774936
4,0.1366827063126188,0.22240726232145985,0.2064835482299204,0.2149168956882525,0.2195095874477483
2,0.0706123947472114,0.30054499893424796,0.09157453945951295,0.2710721298424285,0.2661959370165991
3,0.2141866716411459,0.17105223019128063,0.31592482958231216,0.16928437975280614,0.12955188883245516
2,0.12869784734461928,0.3697422581727686,0.15867934863146416,0.16732258174300182,0.17555796410814617
4,0.19992114559265145,0.09994888826688933,0.29238529231234095,0.25112748240046207,0.1566171914276562
3,0.08962166756708445,0.21123794502159554,0.33585673591202303,0.11440748945425441,0.2488761620450426
2,0.2162610250032475,0.4090241975961073,0.07169868918435571,0.1739071674105118,0.12910892080577782
3,0.13027867660024864,0.10479892220459495,0.49714426029308606,0.16806092676889375,0.09971721413317657
4,0.145905746847314,0.2808267896441268,0.1850000305833541,0.3412469834277617,0.04702044949744353
2,0.1208281977671092,0.315192370067376,0.22919736733335186,0.22040008856199794,0.11438197627016503
3,0.07466874875395141,0.16594180693220592,0.3862155819260144,0.18446673461395757,0.18870712777387072
1,0.20484187407159338,0.23186949288569852,0.30622777925015826,0.11316377387249663,0.14389707992005332
3,0.13658895427135406,0.16981501200083524,0.5031602770327458,0.10984533029930879,0.08059042639575614
2,0.30795456657143816,0.13968230070477008,0.23247099646820255,0.15277731316781842,0.1671148230877707
4,0.04421699339031,0.29267618146454805,0.21426813937750624,0.2854497036513662,0.16338898211626948
3,0.06171143847456662,0.088198420531125,0.7403250643468019,0.049784512007759255,0.059980564639747116
4,0.07104802793726206,0.23233284991188072,0.13249949056713087,0.3155164169609115,0.24860321462281493
1,0.5622336040597715,0.13028528835090936,0.07167218558109482,0.068113337836053,0.16769558417217142
1,0.4605020895146324,0.26371593838213403,0.06564591187772267,0.1060612120046912,0.10407484822081972
3,0.07277474688372636,0.24934183659641335,0.34864537356057246,0.22292320356433246,0.10631483939495533
3,0.1425319511760951,0.05282658370082282,0.3690476405559372,0.28045864085478955,0.1551351837123553
3,0.19898367753580817,0.1491721642975036,0.18626351706579458,0.27077036926577575,0.19481027183511793
3,0.234591547701105,0.25770781464432857,0.19751041899360178,0.15291944276474476,0.15727077589621993
3,0.12587840758411104,0.15042616483249116,0.4010500902168019,0.16188034869436663,0.16076498867222913
4,0.08708687727991807,0.15550520433407544,0.3481973306470925,0.24184526245377913,0.16736532528513481
3,0.1573382526234417,0.05783196807900606,0.41010566289026895,0.09677365588623682,0.2779504605210466
2,0.10472327326838397,0.4073862157990999,0.18303594021941064,0.1134147680439476,0.1914398026691579
1,0.3257354891382307,0.10264352500649976,0.09905414943620135,0.2990946882330911,0.17347214818597723
3,0.10835569232653693,0.11768364632777006,0.5762133314757003,0.10067114704952962,0.0970761828204632
2,0.11252322461424252,0.3857517287499011,0.1932052257845891,0.09726763881014461,0.2112521820411228
3,0.09706912662715582,0.10941734390000717,0.2121329923917645,0.4356507780147215,0.14572975906635086
3,0.23006144496094905,0.2558256988066336,0.2709653363298668,0.14037016751193343,0.10277735239061717
4,0.10788513432931915,0.2299464200691207,0.13338956781096303,0.42680262959010823,0.1019762482004891
2,0.0551265929317727,0.49336757433093126,0.10565248882976629,0.2082502773738948,0.137603066533635
3,0.09845241691028951,0.06119935899240683,0.47949796019977925,0.2576743227660545,0.10317594113147
2,0.10666241255902846,0.3739196956308565,0.11362931737216483,0.09264227264527744,0.3131463017926728
4,0.34953518533106614,0.19294312827729984,0.06792279614222801,0.2877564799029325,0.10184241034647344
3,0.20335980281106894,0.06767554853746785,0.47694896474057935,0.14321043041842052,0.1088052534924634
3,0.1076407154008187,0.13298097973677936,0.5388044375450122,0.15045190195509286,0.070121965362297
4,0.10112090409093506,0.09057986274176816,0.31447708360782833,0.364902712184173,0.12891943737529543
5,0.17149388781855437,0.3408169113108941,0.11266467827981883,0.08915306640736587,0.28587145618336685
3,0.20024149749072448,0.125661262819435,0.12729771350309527,0.11254336649747233,0.43425615968927295
4,0.06262821254420538,0.20913500807482405,0.18692137722725552,0.21936831845208743,0.3219470837016277
3,0.16361453766218487,0.19514457512267466,0.4225339149073257,0.047919200761628776,0.17078777154618602
4,0.1759976259113333,0.16668443799268973,0.06407339314914993,0.31124452600964836,0.2820000169371786
2,0.1478132756889874,0.47361007993865567,0.10417517336221976,0.16829020237246564,0.10611126863767142
3,0.18185454765453365,0.19367507625979155,0.2487898027297921,0.17120469692955873,0.20447587642632398
1,0.27805471140372734,0.19876299028156758,0.09136256962830923,0.2152104431582434,0.21660928552815253
4,0.14139623950159155,0.3001776234026418,0.1200107783001124,0.24721457420248014,0.19120078459317408
4,0.10201843030816234,0.16316577441065677,0.15426041750943167,0.41782551171352955,0.16272986605821987
4,0.10384993165383159,0.10262127532508028,0.12011347530135365,0.5715356932861156,0.10187962443361884
2,0.21487134425135687,0.3504715401188403,0.13766574376454416,0.08920578295623134,0.2077855889090274
3,0.025607112507277388,0.1482696679582299,0.589528331500186,0.15687480515219687,0.07972008288210979
3,0.1257358687443298,0.19378886230520811,0.2832282206890198,0.12039744038913644,0.2768496078723059
3,0.16956439266080886,0.4587099015695668,0.09915903199352609,0.15182706506573299,0.12073960871036524
4,0.09861299862585987,0.1752921581342211,0.15305649177209188,0.43658389423324184,0.13645445723458535
3,0.13507187492721656,0.13752541416661754,0.5201869093586112,0.1318203351593678,0.07539546638818699
2,0.06618463802636883,0.4530747489744772,0.3063815980896794,0.08322950432590547,0.0911295105835691
3,0.10395978295001408,0.18049797512037663,0.3107297385307916,0.23648520663965047,0.16832729675916708
2,0.15028735767690762,0.43581435033966187,0.07345995116696827,0.16393653295310365,0.1765018078633586
2,0.2938384266416725,0.13643797351591222,0.0476653936810966,0.2946705417015365,0.2273876644597822
3,0.17093961595291643,0.13570477228911923,0.3432966878821553,0.2202339981042984,0.1298249257715107
3,0.12805961653198183,0.13878245837485514,0.41274846203272847,0.16002066943471505,0.1603887936257195
3,0.13502380849852644,0.08002577391668506,0.5722860080590132,0.12403758005525087,0.08862682947052435
2,0.09631289045339476,0.46089594979499376,0.09533263385677503,0.23222361379511305,0.11523491209972339
2,0.3199883401692107,0.31417286621263163,0.18073922067673637,0.12511568147976873,0.059983891461652616
3,0.15645392431931093,0.10353104233831444,0.3474905049599827,0.20013945858378662,0.1923850697986054
3,0.13843205021850583,0.04408117060986051,0.499205487677572,0.1669357826472757,0.1513455088467859
4,0.14870003129925935,0.17169131257080422,0.08875528655039709,0.5374183023480643,0.05343506723147511
2,0.0417120921700797,0.4772551089516854,0.13383010743576648,0.23655248816073104,0.11065020328173734
3,0.1807003967161857,0.05333438127157482,0.5827321995488417,0.10875827078301138,0.07447475168038627
3,0.14367994830638964,0.22510964240256923,0.29244433576581336,0.12392625714229605,0.21483981638293165
4,0.3242119404427015,0.07428268940416873,0.08940814523742269,0.31986095504794954,0.1922362698677576
3,0.1873028903919772,0.07302950122556767,0.42623266276457905,0.09571733204966137,0.21771761356821479
1,0.41679739598298193,0.13528172007110398,0.12566222097253374,0.05599745175421798,0.2662612112191624
1,0.5730953768469009,0.12185189437724063,0.15833195476172404,0.08301662786137019,0.06370414615276415
4,0.2980969621824144,0.16823040365369848,0.14617366133756088,0.24027322857121547,0.1472257442551108
1,0.4413943193373212,0.2215453817024945,0.08268821768859799,0.19122609039764413,0.0631459908739424
3,0.0827723058450818,0.050963241907856394,0.6519144676733646,0.13843444721785794,0.0759155373558394
1,0.5994588748715143,0.06304452746066874,0.12929525868234312,0.09069450876059168,0.11750683022488222
3,0.17000448565906442,0.1332356139667027,0.2757190723779535,0.1340017791224124,0.28703904887386694
3,0.08744554578266645,0.08746127116993348,0.5841090949066298,0.11500241862561075,0.12598166951515943
2,0.13070914638237432,0.45827066350985873,0.1339112492048775,0.19756426976549418,0.07954467113739533
2,0.13893807634716074,0.5840097804332776,0.07762139316215402,0.04464714685978334,0.15478360319762433
3,0.1796984151091492,0.06880586282872263,0.20763738567004847,0.36710372261649754,0.17675461377558208
4,0.18313180595125741,0.08062910489428378,0.1760534714455624,0.3384672744932838,0.2217183432156126
3,0.13254678318382107,0.22132777067169193,0.36952941714363563,0.17428319919056198,0.10231282981028948
4,0.17175872287616567,0.1461526150643912,0.10472367560578626,0.27537329616257333,0.3019916902910836
2,0.1465597653831982,0.3240314601050354,0.046584891195103194,0.28561021059861247,0.19721367271805068
2,0.11447031612949585,0.6165515922010305,0.12477836194681381,0.08239673122351188,0.06180299849914798
3,0.11352825088391048,0.1746149478747564,0.2748167076946159,0.3400872602452669,0.09695283330145034
4,0.07836940676858557,0.1995440819248218,0.06496204600867131,0.537870407745689,0.11925405755223227
3,0.243046428047944,0.24171596287456415,0.309974918147806,0.08830700124560625,0.11695568968407967
3,0.33974969154556284,0.20951614439902516,0.21284569614856583,0.06586754989247766,0.17202091801436842
2,0.12977214084563174,0.3762739877317244,0.16445752907682182,0.09854872865094653,0.23094761369487546
3,0.09107436958888825,0.14409694118964594,0.2768050619833456,0.06512952385128833,0.4228941033868319
3,0.08034815832425,0.09833866698364566,0.4393093206982973,0.05532405276772211,0.3266798012260848
3,0.15253112554823908,0.4086172563141863,0.15009513866563348,0.18250584987979165,0.10625062959214959
2,0.0638175252021005,0.5796895921174617,0.07865548696787023,0.1944242228362882,0.08341317287627933
4,0.08433956446179136,0.1628996038984428,0.11848194459024547,0.27343784322378645,0.36084104382573395
2,0.07680676688855366,0.446409983303595,0.191361129853592,0.10792355112499889,0.1774985688292605
2,0.16271894156151454,0.2949132554711257,0.2051100131537049,0.22482479357615606,0.11243299623749889
3,0.28513947229633674,0.0855363622909908,0.3892193663927128,0.11900257377569502,0.12110222524426462
4,0.281609612140511,0.061486963715059365,0.16063990007571435,0.3897649736701103,0.10649855039860502
2,0.10860252660519625,0.24244010030910465,0.20919526329872135,0.2869182296952349,0.1528438800917429
3,0.21519157933066926,0.10064335406539894,0.5300627485887138,0.07878010271987863,0.07532221529533925
3,0.16129262546214415,0.0590754731793402,0.23095778923161822,0.2198197900642752,0.3288543220626222
5,0.09431132990117158,0.11249081643928067,0.1510073668763656,0.12178108633029995,0.5204094004528822
3,0.15325079547299678,0.25217807533277087,0.2535084430692125,0.11152879133725528,0.2295338947877646
4,0.1950906029232065,0.0693902410761573,0.19385061333009973,0.49668549527578987,0.04498304739474657
2,0.15790108448262377,0.24785566946606333,0.3220086985567498,0.1673394447290511,0.10489510276551209
3,0.12393899575454324,0.2156599664964473,0.31209354651468957,0.2747315347396883,0.07357595649463153
1,0.5446521641920808,0.12463739218406758,0.06982820265871469,0.09200447817034901,0.1688777627947879
2,0.16618152213939258,0.4359349541795069,0.10156873859525441,0.10012141309917554,0.19619337198667058
2,0.17583834960338077,0.39926386820423515,0.17828507210359373,0.09604126001255195,0.15057145007623832
3,0.18855342778580805,0.24227846383130117,0.325391302497629,0.13591650399442948,0.10786030189083234
2,0.14915339564917113,0.2770840543371552,0.34810828534746596,0.08956630350815471,0.1360879611580531
4,0.15612420639285055,0.3017439303742729,0.09119783724175014,0.1110987655372001,0.3398352604539262
2,0.3130212571509529,0.14595392086061715,0.13504840209593696,0.24423854529903746,0.16173787459345565
5,0.1762812099944651,0.11247767231967781,0.04260992185848929,0.2287945550012485,0.43983664082611934
2,0.16955696090102457,0.5401936016328349,0.041548737273484924,0.06575210292131775,0.18294859727133775
4,0.15005038275095972,0.1060725843455115,0.1046273002236047,0.5685491586734565,0.07070057400646775
5,0.11857326683374854,0.10365512426635769,0.15349545652761964,0.09863583198372482,0.5256403203885492
4,0.12741082117173422,0.05761760898061175,0.24512448154201258,0.43926321988601863,0.13058386841962286
3,0.26566811124265427,0.13839084966979548,0.35617212973854306,0.08852450208051822,0.151244407268489
2,0.2396569033869299,0.34953062943145247,0.13915462118323516,0.17362940429912976,0.09802844169925273
3,0.19442262369804128,0.30342960743359004,0.21971068766273572,0.1304796039486699,0.1519574772569631
3,0.21060399587458856,0.052222690892010135,0.4113878356803161,0.24530567569226214,0.08047980186082306
4,0.2514049103746377,0.2658964599449688,0.12858848267364437,0.19118847750809204,0.162921669498657
2,0.33677706986130873,0.27556987960645735,0.18180893832874587,0.12027511444292767,0.08556899776056041
3,0.22944912481687502,0.14766083424572352,0.34449964932723565,0.19195999549848858,0.08643039611167722
4,0.308690944506386,0.08824700266775139,0.24977546434344877,0.18670946017046805,0.16657712831194585
2,0.21736392142844918,0.2956705436986507,0.08906031485880263,0.1815564755741579,0.2163487444399396
2,0.054920713154010016,0.30729238081042926,0.3903782481516234,0.18721258335603452,0.06019607452790273
3,0.14681838261463695,0.27808449351285475,0.25502663479434534,0.25085555961742273,0.06921492946074025
2,0.09194552323953659,0.23422202973682113,0.41736330179267694,0.15052057842736083,0.10594856680360462
3,0.06877586427176238,0.22562642380882544,0.3025392313469677,0.2751856257245565,0.12787285484788816
3,0.1744794591133319,0.20313713822052235,0.35976926886897526,0.15313348361758583,0.10948065017958471
2,0.28596751425108474,0.3408996874118792,0.15318153123016395,0.1032433145932997,0.1167079525135723
5,0.19556853266315072,0.10351095460037668,0.11939061375749464,0.15894160427990878,0.4225882946990693
1,0.4335581943897201,0.13573951317674499,0.1183810434731954,0.23105317196505484,0.08126807699528468
2,0.10414042718960177,0.388539317156564,0.12334301971062435,0.15353424504575014,0.2304429908974598
5,0.09207423993502054,0.12448422732812564,0.13711535854722653,0.16960863793763817,0.47671753625198915
3,0.21176663508794494,0.3354667581409985,0.170530659258462,0.19229932533330815,0.08993662217928622
3,0.18327330108322654,0.10536685267435367,0.5367611253417018,0.0880349873105873,0.08656373359013067
3,0.19813978146138292,0.13167589451217682,0.3738248002958835,0.1789029783584773,0.11745654537207945
2,0.16953756243197127,0.4559209919687281,0.08030032426670282,0.19861126816714988,0.09562985316544803
2,0.1477761221514523,0.35651647298593026,0.153153339442719,0.21245071348387223,0.13010335193602635
4,0.07116120582614546,0.10080162479856536,0.10615140876175382,0.6360940001747263,0.08579176043880912
3,0.08934372364593694,0.04872067133840817,0.5574004792275682,0.144818925274292,0.1597162005137947
5,0.26845827332103916,0.18778922948267568,0.08723274585627502,0.13523345604199902,0.32128629529801106
4,0.12505924862914233,0.18964700370695423,0.11936555051266458,0.46425784046487695,0.10167035668636182
4,0.12343582130674238,0.11107025750666662,0.3133904375268608,0.16689109341835542,0.2852123902413748
3,0.1336317655624664,0.1308203332568421,0.25021524484487306,0.22445796697425657,0.26087468936156183
3,0.18068530496642973,0.48264145359367716,0.1511745815339128,0.11048814479301673,0.07501051511296358
4,0.05348790631335214,0.14925408288850878,0.2295752714014919,0.4128101958945574,0.15487254350208976
2,0.1547868673975905,0.39381353937489233,0.2829894486932734,0.09145645894328075,0.07695368559096301
2,0.17478785789512488,0.28137915123788193,0.25673491128742654,0.14334608002659882,0.14375199955296786
2,0.06293382596704075,0.3003273657600393,0.12451442011027,0.2981804896294382,0.2140438985332116
5,0.2412023566461273,0.13583944996022002,0.24550143918467165,0.09748846846202273,0.27996828574695837
2,0.08101549642300113,0.4367768141022702,0.07701208811359483,0.1410146463814172,0.26418095497971655
2,0.14193359500937885,0.4303188974142567,0.1312302402570787,0.12266689394009281,0.17385037337919299
5,0.06425280805653963,0.21777615215330365,0.10739978555449993,0.10498753012711398,0.5055837241085429
3,0.10509835219077047,0.19411149056775812,0.27105443564174403,0.12370472702332652,0.30603099457640087
3,0.2218196529490226,0.09792597527045668,0.3789224292996844,0.23842901682381173,0.06290292565702459
3,0.06936147002517305,0.28977504256653064,0.4428978078271696,0.12479647967165683,0.07316919990946968
5,0.07584504182532803,0.14628196808038832,0.13671815392127187,0.22780098943553834,0.41335384673747344
1,0.4604761966276971,0.1289296900045612,0.13640148672009098,0.1446341987240855,0.1295584279235652
2,0.296178701372158,0.4027206079223597,0.13657186326110754,0.06998790679093647,0.09454092065343815
3,0.13383610257414488,0.24771905964927823,0.27444444404092266,0.13341668094869596,0.21058371278695825
3,0.07153427575265853,0.02955200999287753,0.6518775710993268,0.1818281254075077,0.06520801774762942
2,0.10069577074439111,0.19801496230687748,0.3138100094359991,0.17089866029650774,0.21658059721622455
4,0.22738368928761285,0.17665149371731487,0.11856311698218366,0.3109159634055661,0.16648573660732238
2,0.07652671442153547,0.35175107650441945,0.12084857290759475,0.17723420992069144,0.2736394262457589
4,0.17905446139056808,0.1295323131150842,0.2953066463658433,0.26661709199272304,0.12948948713578132
4,0.16679049655363254,0.06397595827562935,0.19762857105922293,0.4421864295350238,0.12941854457649132
1,0.4135295677002724,0.10464995951946066,0.20081161314877893,0.20217016928702083,0.07883869034446736
2,0.1280061092763727,0.5251829916355404,0.08775373281592333,0.14260955570280778,0.11644761056935578
4,0.15769873419983707,0.1565319137469237,0.07798541384491789,0.5412580752574323,0.06652586295088908
3,0.05259930568403478,0.14876977886474746,0.5758074049419478,0.15076542618897593,0.07205808432029408
3,0.19871477282316558,0.22818277012560081,0.1379280799889561,0.26821882163710614,0.16695555542517138
3,0.1433528569150279,0.08264135516198969,0.6141531113822517,0.05159163824325153,0.1082610382974793
4,0.26769803126300895,0.22338691431846688,0.060170712551417184,0.16393528636662097,0.28480905550048596
5,0.10320920980269811,0.23100846682410697,0.12393745327645893,0.291665453008223,0.2501794170885131
5,0.18719375478398806,0.33157053311613605,0.12264877129683867,0.09513968297368809,0.2634472578293492
3,0.08768871160170771,0.22024762247094348,0.29000644561912214,0.2569436854743518,0.1451135348338748
4,0.21543618881763463,0.14852201729567943,0.08280513745972427,0.4425234224766645,0.11071323395029722
3,0.16630121387492686,0.1932528672715998,0.17810908749592094,0.123457710810939,0.33887912054661345
3,0.0774286745884047,0.07286951270994275,0.5359169474748899,0.10673804723507758,0.20704681799168492
4,0.10363951691486424,0.09870020202635098,0.14850010852636966,0.5149082733731357,0.13425189915927943
3,0.10480351931393879,0.2201182492531364,0.15842236624393233,0.1483488141860186,0.3683070510029739
2,0.04742162555331528,0.5047838286391559,0.13631699525636087,0.22238717061938587,0.08909037993178212
4,0.19994481905721115,0.13789683105469644,0.1386129179908031,0.3735048790839792,0.15004055281331002
5,0.10953489751549622,0.06043621643562367,0.07490249949811754,0.1292000257233112,0.6259263608274513
1,0.32149091816357755,0.12042907729437413,0.23985077126398008,0.08262509353913167,0.2356041397389366
3,0.289307167553629,0.14182539886902495,0.3926058638633495,0.05176717163664583,0.12449439807735063
2,0.22520953132746027,0.36509836386493516,0.18137542915713495,0.08370981784454234,0.14460685780592727
1,0.5804207470537215,0.09412151077410319,0.1227438072136252,0.10089664341183105,0.10181729154671917
1,0.41478064896149675,0.21747551929313425,0.13264785902971665,0.15456232688138122,0.08053364583427106
3,0.11594714528956616,0.21954210726862305,0.39162142349925294,0.15651560522392788,0.11637371871862996
3,0.15070428673156686,0.14307922242821836,0.27808381576533797,0.3461325019892952,0.08200017308558159
2,0.13834903908767515,0.49111954744460085,0.08608891258887238,0.2429405806768812,0.04150192020197039
4,0.26736538858667663,0.049412855893123574,0.1339848421823082,0.37613738378356404,0.17309952955432747
